Program orbview.c : First Line for Random Comments.
1  ---- First Element: (1=Semimajor Axis 2=Pericenter Distance)
    1.500000  ---- Value of First Element. (in AU)
    0.600000  ---- Second Element: Eccentricity of the orbit
   20.000000  ---- Third Element: Inclination of the orbit (in degrees)
  120.000000  ---- Fourth Element: Longitude of the nodes (in degrees)
1  ---- Fifth Element: (1,2 = Argument, Longitude of Pericenter)
   30.000000  ---- Value of the Fifth Element (in degrees)
1  ---- Sixth Element: (1,2,3 = T,E,M Anom.; 4,5 = T,M Lat.)
  -85.000000  ---- Value of the Sixth Element (in degrees) (6,7 = T,M Lon.)

ORBITAL ELEMENTS:
  1. semimajor axis =                1.50000000
     pericenter distance =           0.60000000
  2. eccentricity =                  0.60000000
  3. inclination =                   20.000 degrees
  4. Longitude of Ascending Node =  120.000 degrees
  5. Argument of Pericenter =        30.000 degrees
     Longitude of Pericenter =      150.000 degrees
  6. True Anomaly =                 -85.000 degrees
     Eccentric Anomaly =            -49.231 degrees
     Mean Anomaly =                 -23.195 degrees
     Argument of Latitude =         -55.000 degrees
     Mean Arg. of Latitude =          6.805 degrees
     True Longitude =                65.000 degrees
     Mean Longitude =               126.805 degrees


    0 -180.0  2.0158 -1.2362 -0.4104  1.8566e-01  3.4289e-01 -1.2092e-01 
    1 -179.0  2.0217 -1.2251 -0.4143  1.8098e-01  3.4575e-01 -1.1997e-01 
    2 -178.0  2.0274 -1.2140 -0.4181  1.7628e-01  3.4858e-01 -1.1900e-01 
    3 -177.0  2.0330 -1.2028 -0.4219  1.7157e-01  3.5138e-01 -1.1803e-01 
    4 -176.0  2.0384 -1.1915 -0.4257  1.6684e-01  3.5416e-01 -1.1704e-01 
    5 -175.0  2.0437 -1.1801 -0.4294  1.6210e-01  3.5691e-01 -1.1605e-01 
    6 -174.0  2.0488 -1.1686 -0.4331  1.5735e-01  3.5964e-01 -1.1505e-01 
    7 -173.0  2.0538 -1.1570 -0.4368  1.5258e-01  3.6235e-01 -1.1403e-01 
    8 -172.0  2.0586 -1.1454 -0.4404  1.4779e-01  3.6503e-01 -1.1301e-01 
    9 -171.0  2.0632 -1.1336 -0.4440  1.4299e-01  3.6768e-01 -1.1198e-01 
   10 -170.0  2.0677 -1.1218 -0.4476  1.3817e-01  3.7031e-01 -1.1094e-01 
   11 -169.0  2.0721 -1.1099 -0.4512  1.3333e-01  3.7292e-01 -1.0989e-01 
   12 -168.0  2.0763 -1.0979 -0.4547  1.2847e-01  3.7551e-01 -1.0883e-01 
   13 -167.0  2.0803 -1.0858 -0.4581  1.2360e-01  3.7806e-01 -1.0776e-01 
   14 -166.0  2.0842 -1.0736 -0.4616  1.1871e-01  3.8060e-01 -1.0668e-01 
   15 -165.0  2.0879 -1.0614 -0.4650  1.1381e-01  3.8311e-01 -1.0559e-01 
   16 -164.0  2.0915 -1.0491 -0.4684  1.0888e-01  3.8560e-01 -1.0449e-01 
   17 -163.0  2.0949 -1.0366 -0.4717  1.0394e-01  3.8806e-01 -1.0338e-01 
   18 -162.0  2.0982 -1.0242 -0.4750  9.8972e-02  3.9050e-01 -1.0226e-01 
   19 -161.0  2.1013 -1.0116 -0.4782  9.3988e-02  3.9292e-01 -1.0113e-01 
   20 -160.0  2.1042 -0.9990 -0.4815  8.8985e-02  3.9531e-01 -9.9989e-02 
   21 -159.0  2.1070 -0.9863 -0.4847  8.3961e-02  3.9768e-01 -9.8836e-02 
   22 -158.0  2.1096 -0.9735 -0.4878  7.8916e-02  4.0002e-01 -9.7673e-02 
   23 -157.0  2.1120 -0.9606 -0.4909  7.3850e-02  4.0234e-01 -9.6498e-02 
   24 -156.0  2.1143 -0.9477 -0.4940  6.8762e-02  4.0464e-01 -9.5313e-02 
   25 -155.0  2.1165 -0.9347 -0.4970  6.3652e-02  4.0691e-01 -9.4116e-02 
   26 -154.0  2.1184 -0.9216 -0.5000  5.8520e-02  4.0916e-01 -9.2908e-02 
   27 -153.0  2.1202 -0.9084 -0.5030  5.3365e-02  4.1139e-01 -9.1688e-02 
   28 -152.0  2.1218 -0.8952 -0.5059  4.8187e-02  4.1359e-01 -9.0456e-02 
   29 -151.0  2.1233 -0.8819 -0.5088  4.2985e-02  4.1577e-01 -8.9213e-02 
   30 -150.0  2.1246 -0.8685 -0.5116  3.7758e-02  4.1792e-01 -8.7957e-02 
   31 -149.0  2.1257 -0.8551 -0.5144  3.2508e-02  4.2005e-01 -8.6690e-02 
   32 -148.0  2.1267 -0.8416 -0.5172  2.7232e-02  4.2216e-01 -8.5410e-02 
   33 -147.0  2.1275 -0.8280 -0.5199  2.1930e-02  4.2424e-01 -8.4117e-02 
   34 -146.0  2.1281 -0.8144 -0.5226  1.6602e-02  4.2629e-01 -8.2812e-02 
   35 -145.0  2.1285 -0.8007 -0.5252  1.1248e-02  4.2832e-01 -8.1494e-02 
   36 -144.0  2.1288 -0.7869 -0.5278  5.8668e-03  4.3033e-01 -8.0163e-02 
   37 -143.0  2.1289 -0.7731 -0.5304  4.5790e-04  4.3231e-01 -7.8819e-02 
   38 -142.0  2.1288 -0.7592 -0.5329 -4.9792e-03  4.3427e-01 -7.7461e-02 
   39 -141.0  2.1286 -0.7452 -0.5353 -1.0445e-02  4.3620e-01 -7.6090e-02 
   40 -140.0  2.1282 -0.7312 -0.5377 -1.5940e-02  4.3811e-01 -7.4705e-02 
   41 -139.0  2.1276 -0.7171 -0.5401 -2.1465e-02  4.3999e-01 -7.3305e-02 
   42 -138.0  2.1268 -0.7030 -0.5424 -2.7020e-02  4.4184e-01 -7.1892e-02 
   43 -137.0  2.1258 -0.6888 -0.5447 -3.2606e-02  4.4367e-01 -7.0464e-02 
   44 -136.0  2.1247 -0.6746 -0.5470 -3.8223e-02  4.4547e-01 -6.9021e-02 
   45 -135.0  2.1234 -0.6602 -0.5491 -4.3873e-02  4.4725e-01 -6.7563e-02 
   46 -134.0  2.1219 -0.6459 -0.5513 -4.9555e-02  4.4900e-01 -6.6090e-02 
   47 -133.0  2.1202 -0.6315 -0.5534 -5.5271e-02  4.5072e-01 -6.4602e-02 
   48 -132.0  2.1183 -0.6170 -0.5554 -6.1021e-02  4.5241e-01 -6.3098e-02 
   49 -131.0  2.1163 -0.6024 -0.5574 -6.6806e-02  4.5408e-01 -6.1577e-02 
   50 -130.0  2.1140 -0.5879 -0.5594 -7.2625e-02  4.5571e-01 -6.0041e-02 
   51 -129.0  2.1116 -0.5732 -0.5613 -7.8481e-02  4.5732e-01 -5.8488e-02 
   52 -128.0  2.1090 -0.5585 -0.5631 -8.4374e-02  4.5890e-01 -5.6918e-02 
   53 -127.0  2.1062 -0.5438 -0.5649 -9.0304e-02  4.6045e-01 -5.5331e-02 
   54 -126.0  2.1032 -0.5290 -0.5667 -9.6272e-02  4.6197e-01 -5.3727e-02 
   55 -125.0  2.1000 -0.5142 -0.5684 -1.0228e-01  4.6347e-01 -5.2104e-02 
   56 -124.0  2.0967 -0.4993 -0.5700 -1.0833e-01  4.6493e-01 -5.0464e-02 
   57 -123.0  2.0931 -0.4844 -0.5716 -1.1441e-01  4.6635e-01 -4.8805e-02 
   58 -122.0  2.0893 -0.4694 -0.5732 -1.2054e-01  4.6775e-01 -4.7128e-02 
   59 -121.0  2.0854 -0.4544 -0.5746 -1.2671e-01  4.6912e-01 -4.5431e-02 
   60 -120.0  2.0812 -0.4393 -0.5761 -1.3293e-01  4.7045e-01 -4.3715e-02 
   61 -119.0  2.0768 -0.4242 -0.5774 -1.3919e-01  4.7175e-01 -4.1979e-02 
   62 -118.0  2.0723 -0.4090 -0.5788 -1.4549e-01  4.7302e-01 -4.0223e-02 
   63 -117.0  2.0675 -0.3939 -0.5800 -1.5184e-01  4.7425e-01 -3.8446e-02 
   64 -116.0  2.0625 -0.3786 -0.5812 -1.5823e-01  4.7544e-01 -3.6648e-02 
   65 -115.0  2.0574 -0.3634 -0.5824 -1.6467e-01  4.7660e-01 -3.4829e-02 
   66 -114.0  2.0520 -0.3481 -0.5835 -1.7116e-01  4.7773e-01 -3.2987e-02 
   67 -113.0  2.0464 -0.3327 -0.5845 -1.7770e-01  4.7881e-01 -3.1124e-02 
   68 -112.0  2.0406 -0.3174 -0.5855 -1.8429e-01  4.7986e-01 -2.9237e-02 
   69 -111.0  2.0346 -0.3020 -0.5864 -1.9093e-01  4.8087e-01 -2.7327e-02 
   70 -110.0  2.0283 -0.2865 -0.5872 -1.9763e-01  4.8184e-01 -2.5394e-02 
   71 -109.0  2.0219 -0.2711 -0.5880 -2.0438e-01  4.8277e-01 -2.3436e-02 
   72 -108.0  2.0152 -0.2556 -0.5887 -2.1118e-01  4.8366e-01 -2.1453e-02 
   73 -107.0  2.0083 -0.2400 -0.5894 -2.1804e-01  4.8450e-01 -1.9445e-02 
   74 -106.0  2.0012 -0.2245 -0.5900 -2.2495e-01  4.8530e-01 -1.7411e-02 
   75 -105.0  1.9939 -0.2089 -0.5905 -2.3193e-01  4.8606e-01 -1.5351e-02 
   76 -104.0  1.9864 -0.1933 -0.5909 -2.3896e-01  4.8677e-01 -1.3263e-02 
   77 -103.0  1.9786 -0.1777 -0.5913 -2.4605e-01  4.8743e-01 -1.1148e-02 
   78 -102.0  1.9706 -0.1621 -0.5917 -2.5321e-01  4.8805e-01 -9.0044e-03 
   79 -101.0  1.9624 -0.1464 -0.5919 -2.6043e-01  4.8861e-01 -6.8318e-03 
   80 -100.0  1.9539 -0.1307 -0.5921 -2.6771e-01  4.8913e-01 -4.6297e-03 
   81  -99.0  1.9452 -0.1150 -0.5922 -2.7506e-01  4.8959e-01 -2.3972e-03 
   82  -98.0  1.9363 -0.0993 -0.5922 -2.8248e-01  4.9000e-01 -1.3372e-04 
   83  -97.0  1.9271 -0.0836 -0.5922 -2.8997e-01  4.9036e-01  2.1616e-03 
   84  -96.0  1.9177 -0.0679 -0.5921 -2.9752e-01  4.9066e-01  4.4895e-03 
   85  -95.0  1.9080 -0.0522 -0.5919 -3.0515e-01  4.9089e-01  6.8507e-03 
   86  -94.0  1.8981 -0.0364 -0.5917 -3.1285e-01  4.9107e-01  9.2461e-03 
   87  -93.0  1.8879 -0.0207 -0.5913 -3.2063e-01  4.9119e-01  1.1676e-02 
   88  -92.0  1.8775 -0.0049 -0.5909 -3.2849e-01  4.9124e-01  1.4143e-02 
   89  -91.0  1.8669  0.0108 -0.5904 -3.3642e-01  4.9123e-01  1.6646e-02 
   90  -90.0  1.8560  0.0266 -0.5898 -3.4444e-01  4.9115e-01  1.9187e-02 
   91  -89.0  1.8448  0.0423 -0.5892 -3.5253e-01  4.9100e-01  2.1766e-02 
   92  -88.0  1.8333  0.0581 -0.5885 -3.6071e-01  4.9078e-01  2.4386e-02 
   93  -87.0  1.8216  0.0738 -0.5876 -3.6898e-01  4.9048e-01  2.7046e-02 
   94  -86.0  1.8097  0.0895 -0.5867 -3.7734e-01  4.9010e-01  2.9748e-02 
   95  -85.0  1.7974  0.1052 -0.5857 -3.8578e-01  4.8965e-01  3.2493e-02 
   96  -84.0  1.7849  0.1209 -0.5846 -3.9432e-01  4.8911e-01  3.5282e-02 
   97  -83.0  1.7722  0.1366 -0.5835 -4.0295e-01  4.8848e-01  3.8116e-02 
   98  -82.0  1.7591  0.1522 -0.5822 -4.1168e-01  4.8777e-01  4.0997e-02 
   99  -81.0  1.7458  0.1679 -0.5808 -4.2050e-01  4.8696e-01  4.3926e-02 
  100  -80.0  1.7321  0.1835 -0.5794 -4.2943e-01  4.8606e-01  4.6904e-02 
  101  -79.0  1.7182  0.1990 -0.5778 -4.3846e-01  4.8506e-01  4.9933e-02 
  102  -78.0  1.7040  0.2146 -0.5762 -4.4760e-01  4.8395e-01  5.3014e-02 
  103  -77.0  1.6895  0.2301 -0.5744 -4.5684e-01  4.8274e-01  5.6149e-02 
  104  -76.0  1.6747  0.2455 -0.5726 -4.6620e-01  4.8142e-01  5.9339e-02 
  105  -75.0  1.6596  0.2609 -0.5706 -4.7567e-01  4.7998e-01  6.2585e-02 
  106  -74.0  1.6442  0.2763 -0.5686 -4.8526e-01  4.7842e-01  6.5891e-02 
  107  -73.0  1.6285  0.2916 -0.5664 -4.9496e-01  4.7674e-01  6.9256e-02 
  108  -72.0  1.6125  0.3069 -0.5641 -5.0479e-01  4.7492e-01  7.2684e-02 
  109  -71.0  1.5961  0.3221 -0.5617 -5.1474e-01  4.7297e-01  7.6176e-02 
  110  -70.0  1.5795  0.3372 -0.5592 -5.2482e-01  4.7088e-01  7.9733e-02 
  111  -69.0  1.5625  0.3523 -0.5566 -5.3503e-01  4.6864e-01  8.3359e-02 
  112  -68.0  1.5451  0.3673 -0.5539 -5.4537e-01  4.6624e-01  8.7055e-02 
  113  -67.0  1.5275  0.3822 -0.5510 -5.5585e-01  4.6369e-01  9.0824e-02 
  114  -66.0  1.5095  0.3970 -0.5481 -5.6647e-01  4.6096e-01  9.4668e-02 
  115  -65.0  1.4912  0.4117 -0.5450 -5.7724e-01  4.5806e-01  9.8588e-02 
  116  -64.0  1.4725  0.4264 -0.5417 -5.8815e-01  4.5498e-01  1.0259e-01 
  117  -63.0  1.4534  0.4409 -0.5384 -5.9921e-01  4.5170e-01  1.0667e-01 
  118  -62.0  1.4341  0.4553 -0.5349 -6.1042e-01  4.4822e-01  1.1084e-01 
  119  -61.0  1.4143  0.4696 -0.5313 -6.2179e-01  4.4452e-01  1.1510e-01 
  120  -60.0  1.3942  0.4838 -0.5275 -6.3332e-01  4.4061e-01  1.1944e-01 
  121  -59.0  1.3737  0.4979 -0.5236 -6.4502e-01  4.3646e-01  1.2389e-01 
  122  -58.0  1.3528  0.5118 -0.5196 -6.5688e-01  4.3206e-01  1.2843e-01 
  123  -57.0  1.3316  0.5256 -0.5154 -6.6892e-01  4.2741e-01  1.3307e-01 
  124  -56.0  1.3099  0.5392 -0.5110 -6.8113e-01  4.2249e-01  1.3781e-01 
  125  -55.0  1.2879  0.5527 -0.5065 -6.9352e-01  4.1728e-01  1.4266e-01 
  126  -54.0  1.2654  0.5660 -0.5019 -7.0609e-01  4.1177e-01  1.4763e-01 
  127  -53.0  1.2426  0.5791 -0.4971 -7.1884e-01  4.0595e-01  1.5271e-01 
  128  -52.0  1.2193  0.5920 -0.4921 -7.3179e-01  3.9979e-01  1.5791e-01 
  129  -51.0  1.1957  0.6047 -0.4869 -7.4492e-01  3.9328e-01  1.6323e-01 
  130  -50.0  1.1716  0.6172 -0.4816 -7.5825e-01  3.8640e-01  1.6869e-01 
  131  -49.0  1.1470  0.6295 -0.4761 -7.7178e-01  3.7913e-01  1.7427e-01 
  132  -48.0  1.1221  0.6415 -0.4704 -7.8550e-01  3.7144e-01  1.8000e-01 
  133  -47.0  1.0967  0.6533 -0.4646 -7.9943e-01  3.6331e-01  1.8587e-01 
  134  -46.0  1.0708  0.6648 -0.4585 -8.1356e-01  3.5472e-01  1.9189e-01 
  135  -45.0  1.0445  0.6761 -0.4523 -8.2789e-01  3.4563e-01  1.9806e-01 
  136  -44.0  1.0177  0.6870 -0.4458 -8.4243e-01  3.3602e-01  2.0439e-01 
  137  -43.0  0.9905  0.6976 -0.4392 -8.5717e-01  3.2586e-01  2.1088e-01 
  138  -42.0  0.9627  0.7079 -0.4323 -8.7211e-01  3.1510e-01  2.1755e-01 
  139  -41.0  0.9345  0.7178 -0.4252 -8.8725e-01  3.0372e-01  2.2440e-01 
  140  -40.0  0.9058  0.7273 -0.4179 -9.0259e-01  2.9168e-01  2.3142e-01 
  141  -39.0  0.8767  0.7365 -0.4104 -9.1812e-01  2.7892e-01  2.3864e-01 
  142  -38.0  0.8470  0.7452 -0.4026 -9.3383e-01  2.6541e-01  2.4605e-01 
  143  -37.0  0.8168  0.7535 -0.3946 -9.4972e-01  2.5110e-01  2.5366e-01 
  144  -36.0  0.7861  0.7613 -0.3863 -9.6577e-01  2.3593e-01  2.6148e-01 
  145  -35.0  0.7548  0.7686 -0.3778 -9.8197e-01  2.1984e-01  2.6952e-01 
  146  -34.0  0.7231  0.7754 -0.3690 -9.9830e-01  2.0278e-01  2.7777e-01 
  147  -33.0  0.6908  0.7816 -0.3600 -1.0147e+00  1.8467e-01  2.8624e-01 
  148  -32.0  0.6580  0.7872 -0.3507 -1.0313e+00  1.6545e-01  2.9495e-01 
  149  -31.0  0.6247  0.7922 -0.3411 -1.0478e+00  1.4504e-01  3.0389e-01 
  150  -30.0  0.5908  0.7965 -0.3312 -1.0644e+00  1.2336e-01  3.1306e-01 
  151  -29.0  0.5564  0.8001 -0.3210 -1.0810e+00  1.0033e-01  3.2247e-01 
  152  -28.0  0.5215  0.8029 -0.3105 -1.0974e+00  7.5836e-02  3.3211e-01 
  153  -27.0  0.4861  0.8050 -0.2997 -1.1137e+00  4.9797e-02  3.4199e-01 
  154  -26.0  0.4501  0.8061 -0.2886 -1.1298e+00  2.2102e-02  3.5210e-01 
  155  -25.0  0.4136  0.8064 -0.2771 -1.1456e+00 -7.3566e-03  3.6244e-01 
  156  -24.0  0.3766  0.8056 -0.2653 -1.1609e+00 -3.8695e-02  3.7298e-01 
  157  -23.0  0.3392  0.8039 -0.2532 -1.1758e+00 -7.2031e-02  3.8372e-01 
  158  -22.0  0.3012  0.8010 -0.2407 -1.1899e+00 -1.0749e-01  3.9463e-01 
  159  -21.0  0.2629  0.7969 -0.2279 -1.2032e+00 -1.4519e-01  4.0568e-01 
  160  -20.0  0.2241  0.7916 -0.2147 -1.2155e+00 -1.8525e-01  4.1684e-01 
  161  -19.0  0.1849  0.7850 -0.2012 -1.2265e+00 -2.2780e-01  4.2806e-01 
  162  -18.0  0.1455  0.7770 -0.1873 -1.2360e+00 -2.7294e-01  4.3928e-01 
  163  -17.0  0.1057  0.7675 -0.1730 -1.2438e+00 -3.2077e-01  4.5043e-01 
  164  -16.0  0.0657  0.7564 -0.1584 -1.2495e+00 -3.7135e-01  4.6142e-01 
  165  -15.0  0.0256  0.7437 -0.1434 -1.2527e+00 -4.2474e-01  4.7216e-01 
  166  -14.0 -0.0146  0.7291 -0.1281 -1.2531e+00 -4.8094e-01  4.8251e-01 
  167  -13.0 -0.0547  0.7128 -0.1125 -1.2502e+00 -5.3989e-01  4.9234e-01 
  168  -12.0 -0.0947  0.6945 -0.0965 -1.2437e+00 -6.0150e-01  5.0148e-01 
  169  -11.0 -0.1344  0.6742 -0.0803 -1.2329e+00 -6.6555e-01  5.0975e-01 
  170  -10.0 -0.1737  0.6518 -0.0639 -1.2175e+00 -7.3177e-01  5.1694e-01 
  171   -9.0 -0.2125  0.6272 -0.0472 -1.1970e+00 -7.9977e-01  5.2284e-01 
  172   -8.0 -0.2504  0.6005 -0.0303 -1.1708e+00 -8.6903e-01  5.2720e-01 
  173   -7.0 -0.2875  0.5715 -0.0134 -1.1387e+00 -9.3890e-01  5.2980e-01 
  174   -6.0 -0.3234  0.5403  0.0036 -1.1004e+00 -1.0086e+00  5.3041e-01 
  175   -5.0 -0.3580  0.5068  0.0206 -1.0556e+00 -1.0774e+00  5.2881e-01 
  176   -4.0 -0.3910  0.4712  0.0375 -1.0045e+00 -1.1441e+00  5.2484e-01 
  177   -3.0 -0.4223  0.4335  0.0542 -9.4713e-01 -1.2079e+00  5.1836e-01 
  178   -2.0 -0.4517  0.3938  0.0707 -8.8394e-01 -1.2677e+00  5.0933e-01 
  179   -1.0 -0.4790  0.3523  0.0869 -8.1551e-01 -1.3225e+00  4.9774e-01 
  180    0.0 -0.5039  0.3090  0.1026 -7.4264e-01 -1.3716e+00  4.8369e-01 
  181    1.0 -0.5265  0.2644  0.1179 -6.6623e-01 -1.4141e+00  4.6734e-01 
  182    2.0 -0.5466  0.2184  0.1326 -5.8734e-01 -1.4496e+00  4.4894e-01 
  183    3.0 -0.5642  0.1715  0.1466 -5.0704e-01 -1.4778e+00  4.2876e-01 
  184    4.0 -0.5792  0.1238  0.1600 -4.2642e-01 -1.4986e+00  4.0714e-01 
  185    5.0 -0.5915  0.0755  0.1727 -3.4650e-01 -1.5122e+00  3.8443e-01 
  186    6.0 -0.6014  0.0268  0.1847 -2.6819e-01 -1.5190e+00  3.6097e-01 
  187    7.0 -0.6088 -0.0219  0.1959 -1.9227e-01 -1.5193e+00  3.3710e-01 
  188    8.0 -0.6138 -0.0705  0.2063 -1.1937e-01 -1.5138e+00  3.1312e-01 
  189    9.0 -0.6165 -0.1189  0.2160 -4.9960e-02 -1.5032e+00  2.8930e-01 
  190   10.0 -0.6170 -0.1669  0.2249  1.5626e-02 -1.4880e+00  2.6587e-01 
  191   11.0 -0.6155 -0.2143  0.2330  7.7193e-02 -1.4690e+00  2.4300e-01 
  192   12.0 -0.6121 -0.2610  0.2404  1.3466e-01 -1.4468e+00  2.2084e-01 
  193   13.0 -0.6069 -0.3070  0.2472  1.8803e-01 -1.4219e+00  1.9950e-01 
  194   14.0 -0.6001 -0.3522  0.2532  2.3739e-01 -1.3950e+00  1.7904e-01 
  195   15.0 -0.5917 -0.3965  0.2587  2.8287e-01 -1.3664e+00  1.5951e-01 
  196   16.0 -0.5820 -0.4398  0.2635  3.2465e-01 -1.3367e+00  1.4092e-01 
  197   17.0 -0.5709 -0.4822  0.2677  3.6293e-01 -1.3061e+00  1.2329e-01 
  198   18.0 -0.5587 -0.5236  0.2714  3.9792e-01 -1.2750e+00  1.0660e-01 
  199   19.0 -0.5455 -0.5639  0.2746  4.2983e-01 -1.2435e+00  9.0820e-02 
  200   20.0 -0.5312 -0.6033  0.2772  4.5889e-01 -1.2121e+00  7.5930e-02 
  201   21.0 -0.5161 -0.6417  0.2794  4.8531e-01 -1.1807e+00  6.1890e-02 
  202   22.0 -0.5001 -0.6790  0.2812  5.0929e-01 -1.1495e+00  4.8662e-02 
  203   23.0 -0.4834 -0.7154  0.2826  5.3103e-01 -1.1187e+00  3.6207e-02 
  204   24.0 -0.4661 -0.7508  0.2835  5.5070e-01 -1.0884e+00  2.4481e-02 
  205   25.0 -0.4481 -0.7852  0.2841  5.6847e-01 -1.0585e+00  1.3445e-02 
  206   26.0 -0.4296 -0.8187  0.2844  5.8451e-01 -1.0292e+00  3.0578e-03 
  207   27.0 -0.4107 -0.8512  0.2843  5.9896e-01 -1.0005e+00 -6.7191e-03 
  208   28.0 -0.3912 -0.8828  0.2840  6.1195e-01 -9.7244e-01 -1.5923e-02 
  209   29.0 -0.3714 -0.9136  0.2833  6.2361e-01 -9.4500e-01 -2.4590e-02 
  210   30.0 -0.3513 -0.9434  0.2824  6.3404e-01 -9.1821e-01 -3.2753e-02 
  211   31.0 -0.3308 -0.9724  0.2812  6.4335e-01 -8.9207e-01 -4.0445e-02 
  212   32.0 -0.3100 -1.0006  0.2798  6.5163e-01 -8.6658e-01 -4.7694e-02 
  213   33.0 -0.2890 -1.0280  0.2782  6.5897e-01 -8.4173e-01 -5.4530e-02 
  214   34.0 -0.2678 -1.0546  0.2763  6.6545e-01 -8.1751e-01 -6.0978e-02 
  215   35.0 -0.2463 -1.0805  0.2743  6.7113e-01 -7.9392e-01 -6.7063e-02 
  216   36.0 -0.2247 -1.1055  0.2720  6.7608e-01 -7.7094e-01 -7.2807e-02 
  217   37.0 -0.2030 -1.1299  0.2696  6.8037e-01 -7.4856e-01 -7.8231e-02 
  218   38.0 -0.1811 -1.1536  0.2670  6.8404e-01 -7.2675e-01 -8.3357e-02 
  219   39.0 -0.1591 -1.1765  0.2643  6.8714e-01 -7.0551e-01 -8.8201e-02 
  220   40.0 -0.1371 -1.1988  0.2614  6.8973e-01 -6.8481e-01 -9.2781e-02 
  221   41.0 -0.1149 -1.2204  0.2583  6.9183e-01 -6.6465e-01 -9.7113e-02 
  222   42.0 -0.0927 -1.2414  0.2551  6.9349e-01 -6.4500e-01 -1.0121e-01 
  223   43.0 -0.0704 -1.2618  0.2518  6.9474e-01 -6.2585e-01 -1.0509e-01 
  224   44.0 -0.0482 -1.2816  0.2484  6.9561e-01 -6.0718e-01 -1.0876e-01 
  225   45.0 -0.0258 -1.3007  0.2449  6.9613e-01 -5.8898e-01 -1.1224e-01 
  226   46.0 -0.0035 -1.3193  0.2412  6.9633e-01 -5.7122e-01 -1.1553e-01 
  227   47.0  0.0188 -1.3374  0.2375  6.9623e-01 -5.5390e-01 -1.1865e-01 
  228   48.0  0.0411 -1.3549  0.2336  6.9586e-01 -5.3701e-01 -1.2161e-01 
  229   49.0  0.0634 -1.3718  0.2297  6.9522e-01 -5.2051e-01 -1.2441e-01 
  230   50.0  0.0857 -1.3882  0.2256  6.9435e-01 -5.0441e-01 -1.2707e-01 
  231   51.0  0.1080 -1.4042  0.2215  6.9327e-01 -4.8869e-01 -1.2959e-01 
  232   52.0  0.1302 -1.4196  0.2173  6.9197e-01 -4.7333e-01 -1.3198e-01 
  233   53.0  0.1523 -1.4345  0.2130  6.9049e-01 -4.5832e-01 -1.3424e-01 
  234   54.0  0.1744 -1.4490  0.2087  6.8882e-01 -4.4366e-01 -1.3638e-01 
  235   55.0  0.1965 -1.4630  0.2043  6.8700e-01 -4.2932e-01 -1.3842e-01 
  236   56.0  0.2185 -1.4765  0.1998  6.8502e-01 -4.1530e-01 -1.4034e-01 
  237   57.0  0.2404 -1.4896  0.1953  6.8290e-01 -4.0159e-01 -1.4217e-01 
  238   58.0  0.2623 -1.5023  0.1907  6.8065e-01 -3.8818e-01 -1.4390e-01 
  239   59.0  0.2841 -1.5145  0.1861  6.7827e-01 -3.7505e-01 -1.4554e-01 
  240   60.0  0.3058 -1.5263  0.1814  6.7578e-01 -3.6220e-01 -1.4709e-01 
  241   61.0  0.3274 -1.5377  0.1766  6.7318e-01 -3.4962e-01 -1.4857e-01 
  242   62.0  0.3489 -1.5488  0.1719  6.7048e-01 -3.3730e-01 -1.4996e-01 
  243   63.0  0.3704 -1.5594  0.1670  6.6768e-01 -3.2523e-01 -1.5127e-01 
  244   64.0  0.3918 -1.5696  0.1622  6.6480e-01 -3.1340e-01 -1.5252e-01 
  245   65.0  0.4130 -1.5795  0.1573  6.6184e-01 -3.0180e-01 -1.5369e-01 
  246   66.0  0.4342 -1.5890  0.1523  6.5880e-01 -2.9044e-01 -1.5480e-01 
  247   67.0  0.4553 -1.5981  0.1473  6.5569e-01 -2.7929e-01 -1.5585e-01 
  248   68.0  0.4763 -1.6069  0.1423  6.5251e-01 -2.6836e-01 -1.5684e-01 
  249   69.0  0.4971 -1.6153  0.1373  6.4927e-01 -2.5764e-01 -1.5777e-01 
  250   70.0  0.5179 -1.6234  0.1322  6.4598e-01 -2.4711e-01 -1.5865e-01 
  251   71.0  0.5385 -1.6312  0.1271  6.4262e-01 -2.3678e-01 -1.5947e-01 
  252   72.0  0.5591 -1.6386  0.1220  6.3922e-01 -2.2664e-01 -1.6024e-01 
  253   73.0  0.5795 -1.6457  0.1168  6.3577e-01 -2.1668e-01 -1.6097e-01 
  254   74.0  0.5999 -1.6525  0.1116  6.3227e-01 -2.0690e-01 -1.6164e-01 
  255   75.0  0.6201 -1.6590  0.1065  6.2873e-01 -1.9729e-01 -1.6228e-01 
  256   76.0  0.6402 -1.6651  0.1012  6.2515e-01 -1.8785e-01 -1.6287e-01 
  257   77.0  0.6602 -1.6710  0.0960  6.2154e-01 -1.7858e-01 -1.6341e-01 
  258   78.0  0.6800 -1.6766  0.0908  6.1788e-01 -1.6946e-01 -1.6392e-01 
  259   79.0  0.6998 -1.6819  0.0855  6.1420e-01 -1.6049e-01 -1.6439e-01 
  260   80.0  0.7194 -1.6869  0.0802  6.1049e-01 -1.5167e-01 -1.6483e-01 
  261   81.0  0.7389 -1.6916  0.0749  6.0674e-01 -1.4300e-01 -1.6523e-01 
  262   82.0  0.7583 -1.6961  0.0696  6.0297e-01 -1.3447e-01 -1.6559e-01 
  263   83.0  0.7776 -1.7002  0.0643  5.9918e-01 -1.2607e-01 -1.6592e-01 
  264   84.0  0.7968 -1.7041  0.0590  5.9536e-01 -1.1781e-01 -1.6622e-01 
  265   85.0  0.8158 -1.7078  0.0537  5.9151e-01 -1.0968e-01 -1.6649e-01 
  266   86.0  0.8347 -1.7112  0.0483  5.8765e-01 -1.0168e-01 -1.6673e-01 
  267   87.0  0.8535 -1.7143  0.0430  5.8377e-01 -9.3794e-02 -1.6694e-01 
  268   88.0  0.8721 -1.7172  0.0376  5.7986e-01 -8.6033e-02 -1.6712e-01 
  269   89.0  0.8907 -1.7198  0.0322  5.7594e-01 -7.8388e-02 -1.6728e-01 
  270   90.0  0.9091 -1.7222  0.0269  5.7200e-01 -7.0857e-02 -1.6741e-01 
  271   91.0  0.9273 -1.7244  0.0215  5.6805e-01 -6.3438e-02 -1.6751e-01 
  272   92.0  0.9455 -1.7263  0.0161  5.6408e-01 -5.6126e-02 -1.6759e-01 
  273   93.0  0.9635 -1.7280  0.0108  5.6010e-01 -4.8920e-02 -1.6765e-01 
  274   94.0  0.9814 -1.7294  0.0054  5.5610e-01 -4.1817e-02 -1.6768e-01 
  275   95.0  0.9992 -1.7307  0.0000  5.5210e-01 -3.4814e-02 -1.6769e-01 
  276   96.0  1.0168 -1.7317 -0.0054  5.4808e-01 -2.7909e-02 -1.6768e-01 
  277   97.0  1.0343 -1.7325 -0.0107  5.4404e-01 -2.1100e-02 -1.6765e-01 
  278   98.0  1.0517 -1.7330 -0.0161  5.4000e-01 -1.4385e-02 -1.6759e-01 
  279   99.0  1.0689 -1.7334 -0.0215  5.3595e-01 -7.7604e-03 -1.6752e-01 
  280  100.0  1.0861 -1.7335 -0.0269  5.3189e-01 -1.2250e-03 -1.6743e-01 
  281  101.0  1.1031 -1.7335 -0.0322  5.2782e-01  5.2233e-03 -1.6732e-01 
  282  102.0  1.1199 -1.7332 -0.0376  5.2374e-01  1.1587e-02 -1.6719e-01 
  283  103.0  1.1366 -1.7327 -0.0430  5.1965e-01  1.7867e-02 -1.6705e-01 
  284  104.0  1.1532 -1.7320 -0.0483  5.1555e-01  2.4066e-02 -1.6688e-01 
  285  105.0  1.1697 -1.7312 -0.0537  5.1145e-01  3.0185e-02 -1.6670e-01 
  286  106.0  1.1860 -1.7301 -0.0590  5.0733e-01  3.6227e-02 -1.6651e-01 
  287  107.0  1.2022 -1.7288 -0.0643  5.0321e-01  4.2192e-02 -1.6630e-01 
  288  108.0  1.2183 -1.7274 -0.0697  4.9909e-01  4.8084e-02 -1.6607e-01 
  289  109.0  1.2342 -1.7258 -0.0750  4.9496e-01  5.3902e-02 -1.6582e-01 
  290  110.0  1.2500 -1.7239 -0.0803  4.9082e-01  5.9650e-02 -1.6556e-01 
  291  111.0  1.2657 -1.7219 -0.0856  4.8667e-01  6.5327e-02 -1.6529e-01 
  292  112.0  1.2813 -1.7198 -0.0909  4.8252e-01  7.0937e-02 -1.6500e-01 
  293  113.0  1.2967 -1.7174 -0.0962  4.7836e-01  7.6479e-02 -1.6470e-01 
  294  114.0  1.3119 -1.7149 -0.1015  4.7420e-01  8.1956e-02 -1.6439e-01 
  295  115.0  1.3271 -1.7121 -0.1067  4.7003e-01  8.7368e-02 -1.6406e-01 
  296  116.0  1.3421 -1.7093 -0.1120  4.6586e-01  9.2718e-02 -1.6372e-01 
  297  117.0  1.3569 -1.7062 -0.1172  4.6168e-01  9.8006e-02 -1.6336e-01 
  298  118.0  1.3717 -1.7030 -0.1224  4.5750e-01  1.0323e-01 -1.6299e-01 
  299  119.0  1.3863 -1.6996 -0.1277  4.5331e-01  1.0840e-01 -1.6261e-01 
  300  120.0  1.4007 -1.6960 -0.1329  4.4911e-01  1.1351e-01 -1.6222e-01 
  301  121.0  1.4151 -1.6923 -0.1381  4.4491e-01  1.1857e-01 -1.6182e-01 
  302  122.0  1.4293 -1.6884 -0.1433  4.4071e-01  1.2356e-01 -1.6140e-01 
  303  123.0  1.4433 -1.6844 -0.1484  4.3650e-01  1.2851e-01 -1.6097e-01 
  304  124.0  1.4573 -1.6802 -0.1536  4.3229e-01  1.3339e-01 -1.6054e-01 
  305  125.0  1.4711 -1.6758 -0.1587  4.2807e-01  1.3823e-01 -1.6009e-01 
  306  126.0  1.4847 -1.6713 -0.1638  4.2384e-01  1.4301e-01 -1.5962e-01 
  307  127.0  1.4982 -1.6666 -0.1690  4.1961e-01  1.4775e-01 -1.5915e-01 
  308  128.0  1.5116 -1.6618 -0.1740  4.1538e-01  1.5243e-01 -1.5867e-01 
  309  129.0  1.5249 -1.6569 -0.1791  4.1114e-01  1.5706e-01 -1.5818e-01 
  310  130.0  1.5380 -1.6518 -0.1842  4.0689e-01  1.6165e-01 -1.5767e-01 
  311  131.0  1.5510 -1.6465 -0.1892  4.0265e-01  1.6618e-01 -1.5716e-01 
  312  132.0  1.5638 -1.6411 -0.1943  3.9839e-01  1.7068e-01 -1.5664e-01 
  313  133.0  1.5765 -1.6356 -0.1993  3.9413e-01  1.7512e-01 -1.5610e-01 
  314  134.0  1.5891 -1.6299 -0.2043  3.8987e-01  1.7952e-01 -1.5556e-01 
  315  135.0  1.6015 -1.6241 -0.2093  3.8559e-01  1.8388e-01 -1.5500e-01 
  316  136.0  1.6138 -1.6181 -0.2142  3.8132e-01  1.8819e-01 -1.5444e-01 
  317  137.0  1.6260 -1.6120 -0.2192  3.7704e-01  1.9246e-01 -1.5387e-01 
  318  138.0  1.6380 -1.6057 -0.2241  3.7275e-01  1.9668e-01 -1.5329e-01 
  319  139.0  1.6499 -1.5994 -0.2290  3.6846e-01  2.0087e-01 -1.5270e-01 
  320  140.0  1.6616 -1.5929 -0.2339  3.6416e-01  2.0501e-01 -1.5209e-01 
  321  141.0  1.6732 -1.5862 -0.2387  3.5985e-01  2.0912e-01 -1.5148e-01 
  322  142.0  1.6847 -1.5795 -0.2436  3.5554e-01  2.1318e-01 -1.5086e-01 
  323  143.0  1.6960 -1.5726 -0.2484  3.5122e-01  2.1721e-01 -1.5024e-01 
  324  144.0  1.7072 -1.5655 -0.2532  3.4690e-01  2.2119e-01 -1.4960e-01 
  325  145.0  1.7183 -1.5584 -0.2580  3.4257e-01  2.2514e-01 -1.4895e-01 
  326  146.0  1.7292 -1.5511 -0.2628  3.3823e-01  2.2905e-01 -1.4830e-01 
  327  147.0  1.7400 -1.5437 -0.2675  3.3389e-01  2.3293e-01 -1.4763e-01 
  328  148.0  1.7506 -1.5362 -0.2722  3.2954e-01  2.3676e-01 -1.4696e-01 
  329  149.0  1.7611 -1.5285 -0.2769  3.2518e-01  2.4057e-01 -1.4628e-01 
  330  150.0  1.7715 -1.5207 -0.2816  3.2082e-01  2.4433e-01 -1.4559e-01 
  331  151.0  1.7817 -1.5128 -0.2863  3.1645e-01  2.4807e-01 -1.4489e-01 
  332  152.0  1.7918 -1.5048 -0.2909  3.1207e-01  2.5176e-01 -1.4418e-01 
  333  153.0  1.8017 -1.4967 -0.2955  3.0768e-01  2.5543e-01 -1.4347e-01 
  334  154.0  1.8115 -1.4884 -0.3001  3.0329e-01  2.5906e-01 -1.4274e-01 
  335  155.0  1.8211 -1.4801 -0.3047  2.9889e-01  2.6266e-01 -1.4201e-01 
  336  156.0  1.8306 -1.4716 -0.3092  2.9448e-01  2.6622e-01 -1.4127e-01 
  337  157.0  1.8400 -1.4630 -0.3137  2.9006e-01  2.6975e-01 -1.4052e-01 
  338  158.0  1.8492 -1.4543 -0.3182  2.8563e-01  2.7325e-01 -1.3976e-01 
  339  159.0  1.8583 -1.4455 -0.3227  2.8119e-01  2.7672e-01 -1.3899e-01 
  340  160.0  1.8673 -1.4366 -0.3271  2.7675e-01  2.8016e-01 -1.3822e-01 
  341  161.0  1.8761 -1.4275 -0.3316  2.7230e-01  2.8357e-01 -1.3744e-01 
  342  162.0  1.8847 -1.4184 -0.3360  2.6783e-01  2.8695e-01 -1.3664e-01 
  343  163.0  1.8933 -1.4091 -0.3403  2.6336e-01  2.9030e-01 -1.3584e-01 
  344  164.0  1.9016 -1.3998 -0.3447  2.5888e-01  2.9361e-01 -1.3503e-01 
  345  165.0  1.9099 -1.3903 -0.3490  2.5438e-01  2.9690e-01 -1.3422e-01 
  346  166.0  1.9179 -1.3807 -0.3533  2.4988e-01  3.0016e-01 -1.3339e-01 
  347  167.0  1.9259 -1.3710 -0.3575  2.4537e-01  3.0339e-01 -1.3256e-01 
  348  168.0  1.9337 -1.3613 -0.3618  2.4085e-01  3.0659e-01 -1.3171e-01 
  349  169.0  1.9413 -1.3514 -0.3660  2.3631e-01  3.0977e-01 -1.3086e-01 
  350  170.0  1.9488 -1.3414 -0.3702  2.3177e-01  3.1291e-01 -1.3000e-01 
  351  171.0  1.9562 -1.3313 -0.3743  2.2721e-01  3.1603e-01 -1.2913e-01 
  352  172.0  1.9634 -1.3211 -0.3785  2.2264e-01  3.1912e-01 -1.2825e-01 
  353  173.0  1.9705 -1.3108 -0.3826  2.1806e-01  3.2219e-01 -1.2737e-01 
  354  174.0  1.9774 -1.3005 -0.3866  2.1347e-01  3.2522e-01 -1.2647e-01 
  355  175.0  1.9842 -1.2900 -0.3907  2.0887e-01  3.2823e-01 -1.2557e-01 
  356  176.0  1.9908 -1.2794 -0.3947  2.0425e-01  3.3122e-01 -1.2466e-01 
  357  177.0  1.9973 -1.2688 -0.3987  1.9962e-01  3.3418e-01 -1.2374e-01 
  358  178.0  2.0036 -1.2580 -0.4026  1.9498e-01  3.3711e-01 -1.2281e-01 
  359  179.0  2.0098 -1.2471 -0.4065  1.9033e-01  3.4001e-01 -1.2187e-01 
  360  180.0  2.0158 -1.2362 -0.4104  1.8566e-01  3.4289e-01 -1.2092e-01 
